-143
-143
-143
-143
-143
-143
-143
-143
-143
-143
-143
-45
-46
-48
-56
-59
-72
-82
-84
-84
-84
-84
-83
-78
-81
-80
-79
-79
-78
-78
-77
-67
-73
-79
-82
-83
-84
-84
-83
-78
-75
-73
-72
-72
-71
-72
-72
-72
-82
-113
175
-155
-155
-155
-155
-155
-155

134
134
134
134
134
134
134
134
134
134
134
-79
-78
-78
-79
-79
-92
-105
-112
-116
-118
-119
-119
-145
-158
-164
-164
-164
-134
-125
-121
-137
-145
-148
-149
-151
-155
-157
-157
-153
-149
-146
-144
-137
-133
-132
-132
-142
-157
-159
-154
-157
-157
-157
-157
-157
-157

117
117
117
117
117
117
117
117
117
117
117
64
59
58
59
61
66
70
74
77
78
80
80
81
79
78
78
78
63
67
60
59
60
61
62
63
62
61
61
51
48
46
44
42
41
40
39
38
38
45
41
132
132
132
132
132
132

79
79
79
79
79
79
79
79
79
79
79
40
38
39
43
48
55
61
67
72
76
78
80
80
76
73
71
-29
-2
-52
-7
16
39
45
48
51
50
46
43
21
14
11
7
4
2
0
-1
-2
-2
28
12
141
141
141
141
141
141

0
0
0
0
0
0
0
0
0
0
-128
-21
-79
-100
-103
-159
-151
-175
-176
173
146
94
96
100
82
34
-157
-78
-83
-80
96
-179
142
-169
118
75
93
44
19
-34
-7
-11
-96
-88
-91
-111
100
128
-32
-34
-85
0
0
0
0
0
0

0
0
0
0
0
0
0
0
0
0
169
16
16
52
72
168
-170
-174
-146
-140
-134
-131
-134
-138
-134
-147
-89
46
-98
72
99
93
92
89
95
59
-75
-86
-75
-70
-72
-82
-65
-68
-55
-50
-42
-39
50
-121
-163
0
0
0
0
0
0
