-103
-103
-103
-102
-102
-102
-101
-101
-101
-101
-97
-89
-85
-83
-78
-78
-71
-71
-71
-71
-71
-74
-77
-77
-82
-83
-84
-85
-86
-86
-87
-87
-87
-87
-88
-88
-88
-88
-88
-88
-94
-97
-99
-100
-101
-101

-139
-139
-139
-138
-138
-138
-138
-138
-137
-137
-132
-119
-84
-69
-44
-44
-36
-36
-35
-35
-35
-44
-54
-54
-79
-106
-117
-126
-128
-127
-126
-123
-121
-120
-120
-120
-124
-126
-134
-140
-146
-150
-151
-148
-148
-145

101
102
102
102
102
102
102
102
102
102
93
85
82
80
71
71
68
67
66
66
66
67
70
70
80
82
83
83
84
84
84
84
84
84
84
84
84
84
84
87
95
100
103
104
105
105

146
146
146
147
147
148
148
148
148
148
130
108
77
60
36
36
27
26
26
26
26
25
33
33
68
96
112
124
125
125
124
120
117
116
115
115
116
119
127
136
147
151
151
151
151
151

128
123
107
94
88
66
67
48
39
21
-5
-7
-12
0
0
27
27
33
35
36
-148
-171
0
176
171
166
164
157
2
-5
-9
-9
-16
-91
0
-177
167
165
172
165
170
171
-39
178
-27
0

92
99
114
156
154
152
152
148
126
12
7
1
4
-7
0
-31
-35
-39
-42
-53
-143
171
0
154
-163
-168
-167
-168
-11
-21
1
3
13
32
0
129
163
170
177
-171
-167
-40
-26
-24
-11
0
